A_NE_ID,Z_NE_ID
91,92 
2,92 
2,93 
3,93 
4,94 
94,95 
95,96 
5,96 
7,97 
97,98 
9,99 
99,100 
100,101 
11,101 
12,102 
13,103 
103,104 
104,105 
105,106 
17,107 
18,108 
108,109 
109,110 
21,111 
111,112 
22,112 
23,113 
113,114 
114,115 
115,116 
27,117 
28,118 
28,119 
119,120 
31,121 
121,122 
33,123 
34,124 
34,125 
36,126 
36,127 
38,128 
39,129 
39,130 
41,131 
42,132 
43,133 
43,134 
44,134 
134,135 
46,136 
136,137 
46,137 
48,138 
48,139 
139,140 
49,140 
51,141 
51,142 
142,143 
53,144 
54,144 
55,145 
55,146 
57,147 
58,148 
148,149 
58,149 
149,150 
59,150 
150,151 
62,152 
63,153 
153,154 
63,154 
65,155 
65,156 
66,156 
66,157 
68,158 
69,159 
159,160 
70,160 
70,161 
71,161 
71,162 
73,163 
73,164 
164,165 
165,166 
76,166 
166,167 
78,168 
79,169 
80,170 
170,171 
80,171 
82,172 
82,173 
83,174 
84,174 
84,175 
86,176 
87,177 
88,178 
89,179 
179,180 
92,182 
182,183 
93,183 
93,184 
184,185 
94,185 
95,185 
95,186 
96,186 
96,187 
98,188 
188,189 
99,189 
189,190 
100,190 
100,191 
102,192 
192,193 
102,193 
104,194 
104,195 
195,196 
106,196 
196,197 
106,197 
107,197 
197,198 
108,198 
108,199 
109,200 
110,200 
111,201 
112,202 
113,203 
203,204 
113,204 
114,204 
115,205 
116,206 
117,207 
117,208 
118,208 
118,209 
119,209 
119,210 
121,211 
211,212 
122,212 
123,213 
123,214 
124,214 
124,215 
125,216 
126,216 
216,217 
126,217 
127,217 
128,218 
129,219 
130,220 
130,221 
131,221 
221,222 
222,223 
133,223 
133,224 
224,225 
136,226 
137,227 
227,228 
139,229 
139,230 
140,231 
142,232 
143,233 
144,234 
145,235 
145,236 
146,236 
146,237 
148,238 
238,239 
239,240 
149,240 
151,241 
152,242 
152,243 
153,243 
154,244 
155,245 
245,246 
157,247 
247,248 
159,249 
249,250 
159,250 
250,251 
161,251 
162,252 
252,253 
162,253 
163,253 
163,254 
164,255 
255,256 
256,257 
257,258 
258,259 
168,259 
170,260 
171,261 
172,262 
262,263 
174,264 
174,265 
175,265 
176,266 
177,267 
267,268 
178,268 
179,269 
180,270 
181,272 
183,273 
183,274 
184,275 
186,276 
276,277 
188,278 
189,279 
190,280 
191,281 
281,282 
191,282 
192,283 
193,284 
194,284 
284,285 
195,286 
197,287 
197,288 
198,288 
288,289 
198,289 
199,290 
200,290 
290,291 
201,291 
291,292 
201,292 
292,293 
202,293 
293,294 
203,294 
205,295 
206,296 
296,297 
206,297 
207,298 
209,299 
210,300 
211,301 
212,302 
213,303 
213,304 
304,305 
216,306 
217,307 
307,308 
218,309 
309,310 
221,311 
311,312 
222,312 
223,313 
313,314 
223,314 
225,315 
226,316 
227,317 
317,318 
228,318 
318,319 
228,319 
229,319 
230,320 
231,321 
321,322 
232,322 
232,323 
234,324 
235,325 
325,326 
326,327 
236,327 
238,328 
238,329 
239,329 
329,330 
239,330 
241,331 
331,332 
242,333 
244,334 
245,335 
335,336 
247,337 
247,338 
338,339 
248,339 
250,340 
250,341 
251,341 
252,342 
253,343 
343,344 
254,344 
254,345 
255,345 
256,346 
257,347 
258,348 
259,349 
259,350 
260,350 
260,351 
262,352 
262,353 
263,353 
353,354 
265,355 
265,356 
266,356 
267,357 
268,358 
269,359 
270,360 
361,362 
272,362 
273,363 
363,364 
274,364 
364,365 
275,365 
276,366 
366,367 
277,367 
278,368 
368,369 
369,370 
280,370 
370,371 
371,372 
282,372 
372,373 
283,373 
284,374 
374,375 
284,375 
286,376 
286,377 
288,378 
289,379 
290,380 
290,381 
291,381 
292,382 
292,383 
293,384 
294,384 
295,385 
385,386 
296,387 
298,388 
299,389 
300,390 
300,391 
391,392 
302,392 
303,393 
393,394 
305,395 
395,396 
306,396 
307,397 
307,398 
308,398 
309,399 
399,400 
311,401 
312,402 
313,403 
403,404 
314,405 
316,406 
317,407 
407,408 
317,408 
318,408 
319,409 
320,410 
410,411 
411,412 
321,412 
323,413 
324,414 
325,415 
326,416 
327,417 
327,418 
328,418 
328,419 
329,419 
419,420 
330,420 
330,421 
332,422 
333,423 
333,424 
335,425 
336,426 
426,427 
338,428 
338,429 
429,430 
340,430 
341,431 
342,432 
343,433 
343,434 
434,435 
344,435 
345,436 
346,437 
347,437 
348,438 
348,439 
349,439 
350,440 
440,441 
350,441 
351,442 
353,443 
443,444 
353,444 
354,444 
355,445 
445,446 
357,447 
447,448 
359,449 
360,450 
362,452 
452,453 
363,453 
363,454 
364,454 
454,455 
365,455 
455,456 
365,456 
366,457 
368,458 
369,459 
370,460 
370,461 
372,462 
462,463 
373,464 
375,465 
465,466 
376,466 
466,467 
376,467 
377,467 
377,468 
378,468 
379,469 
380,470 
381,471 
382,472 
383,473 
383,474 
474,475 
385,476 
386,477 
388,478 
478,479 
388,479 
389,479 
390,480 
390,481 
391,481 
392,482 
393,483 
394,484 
484,485 
396,486 
486,487 
396,487 
487,488 
397,488 
398,489 
399,490 
401,491 
491,492 
492,493 
402,493 
403,494 
404,494 
494,495 
404,495 
405,495 
495,496 
407,497 
497,498 
498,499 
409,500 
500,501 
501,502 
502,503 
412,503 
414,504 
414,505 
415,506 
416,507 
507,508 
417,508 
419,509 
420,510 
510,511 
421,511 
511,512 
421,512 
422,512 
512,513 
422,513 
513,514 
424,514 
425,515 
515,516 
427,517 
517,518 
427,518 
428,518 
518,519 
429,519 
429,520 
430,520 
520,521 
432,522 
433,523 
434,524 
524,525 
525,526 
435,526 
437,527 
438,528 
439,529 
439,530 
440,530 
441,531 
531,532 
532,533 
443,534 
445,535 
446,536 
536,537 
446,537 
448,538 
538,539 
449,539 
539,540 
450,540 
541,542 
451,542 
453,543 
454,544 
544,545 
456,546 
457,547 
458,548 
458,549 
459,549 
460,550 
461,551 
461,552 
463,553 
553,554 
463,554 
464,555 
555,556 
466,556 
556,557 
557,558 
468,559 
470,560 
470,561 
471,562 
472,562 
562,563 
563,564 
473,564 
564,565 
476,566 
477,567 
478,568 
478,569 
479,569 
479,570 
481,571 
481,572 
482,573 
484,574 
485,575 
485,576 
486,577 
487,577 
577,578 
489,579 
490,580 
580,581 
490,581 
491,581 
581,582 
582,583 
493,583 
493,584 
584,585 
585,586 
495,586 
497,587 
498,588 
499,589 
589,590 
501,591 
591,592 
501,592 
502,592 
592,593 
502,593 
504,594 
505,595 
506,596 
507,597 
597,598 
507,598 
509,599 
509,600 
510,600 
600,601 
511,601 
512,602 
602,603 
513,604 
515,605 
515,606 
516,606 
606,607 
517,608 
518,608 
519,609 
519,610 
520,610 
520,611 
521,612 
522,613 
613,614 
524,615 
526,616 
616,617 
526,617 
527,617 
527,618 
618,619 
528,619 
529,619 
619,620 
529,620 
530,620 
530,621 
531,622 
532,623 
623,624 
534,624 
535,625 
536,626 
537,627 
538,628 
628,629 
539,629 
629,630 
540,630 
631,632 
632,633 
542,633 
543,633 
543,634 
544,634 
545,635 
545,636 
546,636 
547,637 
548,638 
548,639 
550,640 
640,641 
551,642 
642,643 
643,644 
553,644 
555,645 
556,646 
557,647 
557,648 
559,649 
559,650 
650,651 
651,652 
561,652 
563,653 
653,654 
654,655 
565,655 
655,656 
565,656 
566,657 
568,658 
569,659 
570,660 
571,661 
572,662 
662,663 
573,664 
574,664 
575,665 
576,666 
577,667 
577,668 
579,669 
669,670 
579,670 
670,671 
581,671 
671,672 
582,672 
583,673 
584,674 
585,675 
585,676 
586,676 
586,677 
587,678 
589,679 
590,680 
680,681 
590,681 
591,681 
592,682 
592,683 
594,684 
684,685 
596,686 
597,687 
598,688 
599,689 
600,690 
690,691 
601,691 
601,692 
602,692 
603,693 
604,694 
605,695 
606,696 
607,697 
608,698 
698,699 
608,699 
609,699 
609,700 
611,701 
612,702 
702,703 
703,704 
615,705 
705,706 
615,706 
616,706 
616,707 
618,708 
708,709 
618,709 
619,709 
709,710 
620,711 
622,712 
712,713 
624,714 
625,715 
625,716 
716,717 
626,717 
717,718 
627,718 
628,719 
719,720 
629,720 
630,720 
631,722 
632,722 
722,723 
723,724 
633,724 
634,724 
634,725 
635,725 
636,726 
726,727 
637,727 
638,728 
639,729 
729,730 
641,731 
642,732 
732,733 
642,733 
644,734 
645,735 
735,736 
645,736 
646,737 
647,737 
648,738 
738,739 
650,740 
740,741 
650,741 
741,742 
651,742 
653,743 
654,744 
654,745 
655,745 
656,746 
746,747 
658,748 
659,749 
749,750 
659,750 
660,750 
660,751 
661,752 
752,753 
662,753 
663,754 
754,755 
666,756 
667,757 
668,758 
669,759 
759,760 
669,760 
671,761 
761,762 
672,763 
674,764 
675,765 
676,766 
677,767 
767,768 
678,769 
680,770 
770,771 
681,772 
772,773 
684,774 
685,775 
685,776 
686,777 
688,778 
689,779 
690,780 
691,781 
692,782 
782,783 
692,783 
693,783 
783,784 
695,785 
785,786 
695,786 
786,787 
787,788 
697,788 
699,789 
700,790 
790,791 
702,792 
792,793 
703,793 
703,794 
704,795 
706,796 
706,797 
797,798 
708,798 
709,799 
709,800 
711,801 
712,802 
802,803 
714,804 
804,805 
715,805 
716,806 
806,807 
716,807 
717,808 
808,809 
719,809 
720,810 
722,812 
812,813 
813,814 
725,815 
725,816 
726,816 
727,817 
728,818 
818,819 
728,819 
730,820 
820,821 
731,821 
731,822 
733,823 
734,824 
824,825 
734,825 
735,825 
825,826 
735,826 
826,827 
738,828 
828,829 
740,830 
830,831 
742,832 
743,833 
744,834 
834,835 
744,835 
745,836 
746,837 
747,837 
748,838 
749,839 
839,840 
750,840 
750,841 
751,842 
842,843 
754,844 
844,845 
845,846 
756,846 
757,847 
758,848 
848,849 
758,849 
849,850 
760,850 
760,851 
761,851 
761,852 
852,853 
764,854 
764,855 
855,856 
767,857 
768,858 
858,859 
769,859 
859,860 
770,861 
772,862 
772,863 
773,863 
774,864 
774,865 
775,865 
776,866 
776,867 
777,867 
867,868 
778,868 
868,869 
780,870 
781,871 
781,872 
783,873 
873,874 
785,875 
875,876 
786,877 
877,878 
789,879 
790,880 
791,881 
792,882 
792,883 
883,884 
794,884 
794,885 
796,886 
886,887 
797,887 
798,888 
799,889 
889,890 
890,891 
800,891 
801,891 
891,892 
892,893 
803,893 
803,894 
804,895 
895,896 
896,897 
807,898 
808,898 
809,899 
810,900 
901,902 
813,903 
813,904 
814,904 
814,905 
816,906 
817,907 
818,908 
819,909 
819,910 
820,910 
910,911 
820,911 
821,912 
912,913 
913,914 
823,914 
824,915 
825,915 
826,916 
826,917 
917,918 
829,919 
830,920 
831,921 
831,922 
832,923 
923,924 
833,924 
924,925 
836,926 
926,927 
838,928 
928,929 
839,929 
929,930 
930,931 
931,932 
842,932 
932,933 
844,934 
845,935 
846,936 
846,937 
937,938 
847,938 
848,938 
849,939 
850,940 
940,941 
850,941 
852,942 
942,943 
853,943 
943,944 
853,944 
855,945 
856,946 
856,947 
947,948 
858,948 
948,949 
858,949 
859,950 
860,951 
951,952 
863,953 
864,954 
864,955 
866,956 
867,957 
957,958 
869,959 
869,960 
870,960 
870,961 
872,962 
962,963 
874,964 
875,965 
875,966 
877,967 
878,968 
968,969 
969,970 
881,971 
882,972 
883,973 
973,974 
883,974 
974,975 
975,976 
976,977 
886,977 
977,978 
889,979 
890,980 
891,981 
891,982 
982,983 
893,983 
894,984 
984,985 
985,986 
895,986 
986,987 
896,987 
898,988 
988,989 
989,990 
991,992 
901,992 
992,993 
902,993 
904,994 
994,995 
995,996 
907,997 
908,998 
998,999 
999,1000 
911,1001 
912,1002 
1002,1003 
913,1003 
1003,1004 
915,1005 
916,1006 
917,1007 
918,1008 
1008,1009 
920,1010 
921,1011 
922,1012 
922,1013 
1013,1014 
925,1015 
925,1016 
1016,1017 
926,1017 
1017,1018 
927,1018 
1018,1019 
928,1019 
1019,1020 
930,1021 
932,1022 
1022,1023 
932,1023 
1023,1024 
935,1025 
935,1026 
937,1027 
1027,1028 
938,1028 
1028,1029 
939,1029 
940,1030 
941,1031 
1031,1032 
941,1032 
943,1033 
944,1034 
1034,1035 
945,1036 
946,1036 
1036,1037 
1037,1038 
949,1039 
950,1040 
951,1041 
951,1042 
952,1043 
954,1044 
1044,1045 
1045,1046 
957,1047 
958,1048 
1048,1049 
1049,1050 
1050,1051 
960,1051 
961,1052 
962,1052 
962,1053 
1053,1054 
963,1054 
964,1054 
964,1055 
1055,1056 
1056,1057 
967,1057 
1057,1058 
969,1059 
1059,1060 
969,1060 
1060,1061 
971,1061 
972,1062 
973,1063 
974,1064 
1064,1065 
1065,1066 
975,1066 
977,1067 
1067,1068 
977,1068 
978,1069 
980,1070 
981,1071 
982,1072 
1072,1073 
984,1074 
985,1075 
986,1076 
1076,1077 
988,1078 
989,1079 
1079,1080 
989,1080 
1081,1082 
1082,1083 
993,1083 
993,1084 
995,1085 
1085,1086 
996,1087 
997,1087 
998,1088 
999,1089 
1000,1090 
1001,1091 
1002,1092 
1092,1093 
1093,1094 
1004,1094 
1005,1095 
1006,1096 
1007,1097 
1097,1098 
1098,1099 
1009,1100 
1011,1101 
1101,1102 
1012,1102 
1102,1103 
1014,1104 
1104,1105 
1015,1106 
1017,1107 
1107,1108 
1018,1108 
1019,1109 
1020,1110 
1110,1111 
1020,1111 
1022,1112 
1023,1113 
1113,1114 
1025,1115 
1026,1116 
1026,1117 
1028,1118 
1029,1119 
1030,1120 
1120,1121 
1032,1122 
1032,1123 
1123,1124 
1124,1125 
1035,1125 
1125,1126 
1037,1127 
1038,1128 
1038,1129 
1039,1129 
1040,1130 
1041,1131 
1042,1132 
1132,1133 
1133,1134 
1045,1135 
1045,1136 
1046,1136 
1047,1137 
1048,1138 
1138,1139 
1049,1139 
1049,1140 
1051,1141 
1051,1142 
1052,1143 
1053,1143 
1143,1144 
1053,1144 
1144,1145 
1054,1145 
1055,1146 
1146,1147 
1057,1147 
1058,1148 
1059,1149 
1149,1150 
1059,1150 
1061,1151 
1062,1152 
1063,1153 
1064,1154 
1065,1155 
1066,1156 
1156,1157 
1067,1158 
1069,1159 
1070,1160 
1160,1161 
1070,1161 
1071,1162 
1072,1162 
1073,1163 
1163,1164 
1164,1165 
1075,1165 
1076,1166 
1166,1167 
1077,1167 
1078,1168 
1078,1169 
1079,1170 
1171,1172 
1081,1172 
1082,1173 
1173,1174 
1083,1174 
1084,1174 
1174,1175 
1084,1175 
1175,1176 
1085,1176 
1086,1176 
1087,1177 
1177,1178 
1178,1179 
1089,1180 
1180,1181 
1091,1181 
1092,1182 
1093,1183 
1093,1184 
1095,1185 
1096,1186 
1097,1187 
1098,1188 
1098,1189 
1099,1189 
1189,1190 
1099,1190 
1100,1191 
1101,1191 
1191,1192 
1101,1192 
1102,1192 
1192,1193 
1193,1194 
1105,1195 
1195,1196 
1105,1196 
1196,1197 
1108,1198 
1198,1199 
1109,1199 
1199,1200 
1111,1201 
1112,1202 
1113,1203 
1203,1204 
1114,1205 
1205,1206 
1115,1206 
1116,1206 
1117,1207 
1207,1208 
1117,1208 
1118,1208 
1118,1209 
1120,1210 
1120,1211 
1121,1211 
1121,1212 
1122,1212 
1122,1213 
1124,1214 
1125,1215 
1126,1216 
1127,1217 
1217,1218 
1129,1219 
1219,1220 
1130,1221 
1132,1222 
1133,1223 
1134,1224 
1135,1225 
1225,1226 
1135,1226 
1137,1227 
1138,1228 
1228,1229 
1138,1229 
1139,1230 
1140,1231 
1141,1231 
1142,1232 
1143,1233 
1144,1234 
1234,1235 
1146,1236 
1236,1237 
1147,1237 
1237,1238 
1238,1239 
1149,1239 
1150,1240 
1240,1241 
1151,1242 
1152,1242 
1153,1243 
1153,1244 
1154,1244 
1155,1245 
1155,1246 
1156,1246 
1246,1247 
1247,1248 
1158,1248 
1158,1249 
1160,1250 
1160,1251 
1162,1252 
1163,1253 
1164,1254 
1165,1255 
1255,1256 
1165,1256 
1167,1257 
1168,1258 
1168,1259 
1169,1260 
1170,1260 
1261,1262 
1262,1263 
1172,1263 
1173,1263 
1174,1264 
1174,1265 
1265,1266 
1176,1267 
1178,1268 
1268,1269 
1178,1269 
1179,1269 
1180,1270 
1180,1271 
1271,1272 
1181,1272 
1182,1272 
1183,1273 
1184,1274 
1184,1275 
1186,1276 
1276,1277 
1187,1277 
1188,1278 
1189,1279 
1279,1280 
1280,1281 
1191,1281 
1281,1282 
1192,1282 
1192,1283 
1194,1284 
1195,1285 
1196,1286 
1286,1287 
1287,1288 
1288,1289 
1199,1290 
1200,1290 
1201,1291 
1202,1292 
1202,1293 
1204,1294 
1205,1295 
1205,1296 
1296,1297 
1208,1298 
1208,1299 
1299,1300 
1210,1300 
1211,1301 
1211,1302 
1212,1302 
1212,1303 
1213,1304 
1214,1304 
1304,1305 
1216,1306 
1216,1307 
1218,1308 
1219,1309 
1219,1310 
1310,1311 
1222,1312 
1223,1313 
1313,1314 
1225,1315 
1315,1316 
1226,1316 
1226,1317 
1227,1317 
1228,1318 
1229,1319 
1319,1320 
1229,1320 
1230,1321 
1232,1322 
1232,1323 
1233,1324 
1234,1325 
1235,1325 
1236,1326 
1326,1327 
1237,1327 
1327,1328 
1239,1329 
1329,1330 
1239,1330 
1330,1331 
1241,1331 
1331,1332 
1241,1332 
1332,1333 
1242,1333 
1244,1334 
1334,1335 
1244,1335 
1245,1336 
1247,1337 
1248,1338 
1248,1339 
1249,1340 
1250,1340 
1251,1341 
1252,1342 
1253,1343 
1254,1344 
1254,1345 
1255,1345 
1345,1346 
1257,1347 
1258,1348 
1348,1349 
1260,1350 
1262,1352 
1263,1353 
1264,1354 
1265,1355 
1266,1356 
1267,1357 
1357,1358 
1268,1358 
1268,1359 
1269,1360 
1271,1361 
1272,1362 
1273,1363 
1363,1364 
1274,1364 
1275,1365 
1276,1366 
1277,1367 
1278,1368 
1368,1369 
1369,1370 
1280,1370 
1281,1371 
1282,1372 
1283,1373 
1284,1374 
1374,1375 
1286,1376 
1376,1377 
1286,1377 
1287,1378 
1288,1379 
1379,1380 
1380,1381 
1381,1382 
1291,1382 
1293,1383 
1383,1384 
1295,1385 
1295,1386 
1297,1387 
1298,1388 
1299,1389 
1300,1390 
1301,1391 
1302,1392 
1302,1393 
1304,1394 
1305,1395 
1306,1396 
1396,1397 
1397,1398 
1398,1399 
1310,1400 
1400,1401 
1311,1401 
1312,1402 
1312,1403 
1403,1404 
1314,1404 
1404,1405 
1315,1405 
1315,1406 
1406,1407 
1407,1408 
1317,1408 
1319,1409 
1409,1410 
1320,1411 
1321,1411 
1321,1412 
1322,1413 
1323,1413 
1413,1414 
1325,1415 
1325,1416 
1327,1417 
1417,1418 
1329,1419 
1330,1420 
1331,1421 
1421,1422 
1331,1422 
1332,1423 
1333,1423 
1423,1424 
1334,1424 
1335,1425 
1425,1426 
1336,1426 
1426,1427 
1336,1427 
1427,1428 
1337,1428 
1338,1428 
1339,1429 
1429,1430 
1430,1431 
1342,1432 
1343,1433 
1343,1434 
1345,1435 
1346,1436 
1436,1437 
1347,1437 
1437,1438 
1349,1439 
1439,1440 
1441,1442 
1352,1442 
1353,1443 
1353,1444 
1354,1444 
1354,1445 
1355,1445 
1356,1446 
1356,1447 
1447,1448 
1358,1448 
1359,1449 
1360,1450 
1361,1451 
1451,1452 
1363,1453 
1453,1454 
1363,1454 
1365,1455 
1366,1456 
1456,1457 
1368,1458 
1369,1459 
1370,1460 
1370,1461 
1372,1462 
1373,1463 
1374,1464 
1374,1465 
1376,1466 
1466,1467 
1376,1467 
1377,1467 
1378,1468 
1468,1469 
1380,1470 
1381,1471 
1471,1472 
1383,1473 
1473,1474 
1385,1475 
1475,1476 
1386,1476 
1387,1477 
1477,1478 
1387,1478 
1388,1478 
1389,1479 
1390,1480 
1480,1481 
1391,1481 
1392,1482 
1482,1483 
1393,1483 
1483,1484 
1395,1485 
1485,1486 
1396,1486 
1397,1487 
1398,1488 
1399,1489 
1399,1490 
1490,1491 
1401,1491 
1491,1492 
1402,1492 
1403,1493 
1404,1494 
1494,1495 
1405,1495 
1495,1496 
1496,1497 
1407,1497 
1408,1498 
1498,1499 
1408,1499 
1409,1499 
1410,1500 
1411,1501 
1412,1502 
1413,1503 
1414,1504 
1414,1505 
1415,1506 
1506,1507 
1418,1508 
1419,1509 
1419,1510 
1420,1510 
1510,1511 
1422,1512 
1423,1513 
1424,1514 
1425,1515 
1426,1516 
1516,1517 
1426,1517 
1517,1518 
1518,1519 
1428,1519 
1430,1520 
1520,1521 
1521,1522 
1432,1523 
1523,1524 
1524,1525 
1436,1526 
1436,1527 
1527,1528 
1439,1529 
1439,1530 
1442,1532 
1442,1533 
1443,1533 
1533,1534 
1534,1535 
1445,1536 
1536,1537 
1537,1538 
1447,1538 
1449,1539 
1449,1540 
1451,1541 
1541,1542 
1453,1543 
1543,1544 
1455,1545 
1545,1546 
1457,1547 
1458,1548 
1548,1549 
1459,1550 
1550,1551 
1460,1551 
1462,1552 
1552,1553 
1553,1554 
1554,1555 
1464,1555 
1466,1556 
1466,1557 
1468,1558 
1558,1559 
1468,1559 
1469,1559 
1470,1560 
1470,1561 
1471,1561 
1472,1562 
1473,1563 
1474,1564 
1564,1565 
1565,1566 
1475,1566 
1477,1567 
1477,1568 
1479,1569 
1479,1570 
1481,1571 
1482,1572 
1483,1573 
1483,1574 
1484,1574 
1485,1575 
1485,1576 
1576,1577 
1486,1577 
1487,1578 
1488,1578 
1489,1579 
1489,1580 
1490,1580 
1490,1581 
1491,1582 
1492,1583 
1493,1583 
1583,1584 
1584,1585 
1495,1585 
1495,1586 
1496,1586 
1497,1587 
1497,1588 
1498,1589 
1499,1589 
1500,1590 
1500,1591 
1591,1592 
1503,1593 
1504,1594 
1505,1595 
1506,1596 
1506,1597 
1507,1597 
1507,1598 
1509,1599 
1510,1600 
1511,1601 
1511,1602 
1602,1603 
1513,1604 
1514,1604 
1515,1605 
1516,1606 
1516,1607 
1607,1608 
1517,1608 
1518,1608 
1519,1609 
1520,1610 
1610,1611 
1520,1611 
1521,1611 
1522,1612 
1612,1613 
1524,1614 
1614,1615 
1615,1616 
1526,1617 
1527,1617 
1528,1618 
1529,1619 
1529,1620 
1621,1622 
1532,1622 
1532,1623 
1533,1623 
1623,1624 
1533,1624 
1534,1624 
1624,1625 
1625,1626 
1536,1627 
1537,1627 
1627,1628 
1628,1629 
1538,1629 
1540,1630 
1541,1631 
1542,1632 
1543,1633 
1544,1634 
1634,1635 
1544,1635 
1546,1636 
1546,1637 
1548,1638 
1638,1639 
1548,1639 
1549,1639 
1550,1640 
1551,1641 
1552,1642 
1553,1643 
1554,1644 
1555,1645 
1556,1646 
1556,1647 
1557,1648 
1558,1648 
1558,1649 
1649,1650 
1561,1651 
1562,1652 
1563,1653 
1564,1654 
1654,1655 
1655,1656 
1565,1656 
1656,1657 
1566,1657 
1567,1657 
1568,1658 
1658,1659 
1659,1660 
1660,1661 
1572,1662 
1662,1663 
1573,1663 
1574,1664 
1575,1665 
1665,1666 
1576,1666 
1577,1667 
1577,1668 
1579,1669 
1580,1670 
1580,1671 
1581,1671 
1581,1672 
1672,1673 
1582,1673 
1584,1674 
1674,1675 
1584,1675 
1586,1676 
1586,1677 
1588,1678 
1678,1679 
1590,1680 
1680,1681 
1681,1682 
1682,1683 
1683,1684 
1594,1684 
1594,1685 
1596,1686 
1686,1687 
1596,1687 
1598,1688 
1598,1689 
1600,1690 
1601,1691 
1691,1692 
1602,1692 
1602,1693 
1604,1694 
1605,1695 
1695,1696 
1696,1697 
1606,1697 
1607,1697 
1608,1698 
1609,1699 
1610,1700 
1611,1701 
1701,1702 
1611,1702 
1612,1703 
1614,1704 
1704,1705 
1616,1706 
1706,1707 
1617,1708 
1618,1709 
1619,1710 
1711,1712 
1623,1713 
1624,1714 
1625,1715 
1626,1716 
1716,1717 
1627,1717 
1717,1718 
1629,1719 
1719,1720 
1631,1721 
1631,1722 
1632,1723 
1634,1724 
1724,1725 
1635,1726 
1637,1727 
1727,1728 
1638,1729 
1729,1730 
1640,1731 
1731,1732 
1643,1733 
1733,1734 
1645,1735 
1646,1736 
1647,1737 
1737,1738 
1647,1738 
1648,1738 
1738,1739 
1650,1740 
1651,1741 
1652,1742 
1742,1743 
1652,1743 
1743,1744 
1655,1745 
1745,1746 
1746,1747 
1657,1747 
1658,1748 
1748,1749 
1658,1749 
1660,1750 
1661,1751 
1662,1752 
1662,1753 
1664,1754 
1665,1755 
1755,1756 
1665,1756 
1666,1756 
1756,1757 
1666,1757 
1668,1758 
1669,1759 
1669,1760 
1671,1761 
1761,1762 
1672,1762 
1762,1763 
1674,1764 
1674,1765 
1675,1765 
1676,1766 
1677,1767 
1677,1768 
1678,1769 
1769,1770 
1680,1770 
1770,1771 
1680,1771 
1771,1772 
1683,1773 
1684,1774 
1774,1775 
1684,1775 
1685,1776 
1776,1777 
1686,1777 
1688,1778 
1778,1779 
1779,1780 
1691,1781 
1691,1782 
1782,1783 
1693,1783 
1693,1784 
1695,1785 
1696,1786 
1697,1787 
1698,1788 
1698,1789 
1700,1790 
1701,1791 
1791,1792 
1701,1792 
1702,1792 
1702,1793 
1703,1793 
1704,1794 
1704,1795 
1705,1795 
1795,1796 
1706,1797 
1797,1798 
1707,1798 
1709,1799 
1799,1800 
1709,1800 
1710,1800 
1711,1802 
1712,1802 
1712,1803 
1803,1804 
1714,1804 
1715,1805 
1715,1806 
1716,1806 
1717,1807 
1718,1808 
1719,1809 
1809,1810 
1720,1810 
1810,1811 
1720,1811 
1722,1812 
1722,1813 
1723,1813 
1723,1814 
1724,1814 
1725,1815 
1726,1816 
1816,1817 
1728,1818 
1818,1819 
1730,1820 
1820,1821 
1731,1822 
1732,1822 
1733,1823 
1823,1824 
1734,1825 
1735,1825 
1736,1826 
1826,1827 
1827,1828 
1737,1828 
1739,1829 
1740,1830 
1830,1831 
1742,1832 
1742,1833 
1743,1833 
1833,1834 
1834,1835 
1745,1835 
1745,1836 
1747,1837 
1748,1838 
1838,1839 
1750,1840 
1751,1841 
1752,1842 
1842,1843 
1843,1844 
1755,1845 
1756,1846 
1757,1847 
1758,1848 
1848,1849 
1760,1850 
1761,1851 
1851,1852 
1763,1853 
1853,1854 
1763,1854 
1764,1854 
1764,1855 
1766,1856 
1767,1857 
1857,1858 
1769,1859 
1859,1860 
1769,1860 
1770,1861 
1772,1862 
1862,1863 
1773,1863 
1773,1864 
1774,1864 
1775,1865 
1776,1866 
1777,1867 
1867,1868 
1778,1868 
1868,1869 
1869,1870 
1779,1870 
1781,1871 
1782,1872 
1782,1873 
1783,1873 
1784,1874 
1784,1875 
1786,1876 
1787,1877 
1788,1878 
1788,1879 
1789,1879 
1789,1880 
1790,1880 
1880,1881 
1792,1882 
1793,1883 
1794,1884 
1795,1885 
1795,1886 
1796,1887 
1797,1887 
1797,1888 
1888,1889 
1889,1890 
1891,1892 
1892,1893 
1802,1893 
1803,1894 
1804,1894 
1805,1895 
1805,1896 
1807,1897 
1897,1898 
1898,1899 
1809,1900 
1811,1901 
1811,1902 
1812,1902 
1813,1903 
1813,1904 
1814,1905 
1815,1905 
1905,1906 
1817,1907 
1907,1908 
1818,1909 
1819,1910 
1820,1910 
1821,1911 
1821,1912 
1823,1913 
1913,1914 
1825,1915 
1826,1916 
1916,1917 
1917,1918 
1827,1918 
1828,1918 
1918,1919 
1829,1919 
1830,1920 
1831,1921 
1832,1922 
1833,1923 
1923,1924 
1833,1924 
1834,1924 
1835,1925 
1836,1926 
1837,1927 
1838,1928 
1928,1929 
1838,1929 
1929,1930 
1840,1930 
1841,1931 
1931,1932 
1842,1932 
1842,1933 
1844,1934 
1845,1935 
1935,1936 
1846,1936 
1846,1937 
1848,1938 
1938,1939 
1850,1940 
1940,1941 
1850,1941 
1851,1941 
1851,1942 
1942,1943 
1943,1944 
1855,1945 
1856,1946 
1857,1947 
1858,1948 
1859,1949 
1949,1950 
1950,1951 
1951,1952 
1861,1952 
1862,1953 
1953,1954 
1954,1955 
1864,1955 
1955,1956 
1867,1957 
1957,1958 
1867,1958 
1869,1959 
1869,1960 
1960,1961 
1871,1961 
1871,1962 
1872,1962 
1872,1963 
1963,1964 
1873,1964 
1874,1964 
1875,1965 
1875,1966 
1877,1967 
1878,1968 
1968,1969 
1878,1969 
1969,1970 
1880,1970 
1970,1971 
1880,1971 
1971,1972 
1881,1972 
1972,1973 
1973,1974 
1883,1974 
1884,1974 
1885,1975 
1886,1976 
1887,1977 
1977,1978 
1978,1979 
1979,1980 
1889,1980 
1891,1982 
1893,1983 
1893,1984 
1895,1985 
1896,1986 
1897,1987 
1987,1988 
1898,1989 
1899,1990 
1901,1991 
1902,1992 
1903,1993 
1904,1994 
1904,1995 
1995,1996 
1996,1997 
1907,1998 
1909,1999 
1909,2000 
1911,2001 
2001,2002 
1911,2002 
1912,2002 
1913,2003 
2003,2004 
1915,2005 
2005,2006 
1917,2007 
2007,2008 
1918,2008 
2008,2009 
1918,2009 
1919,2009 
1920,2010 
2010,2011 
1920,2011 
1922,2012 
2012,2013 
1922,2013 
1923,2013 
1923,2014 
1924,2014 
1925,2015 
1925,2016 
2016,2017 
1926,2017 
2017,2018 
1928,2018 
1928,2019 
2019,2020 
2020,2021 
1931,2022 
2022,2023 
1934,2024 
1934,2025 
1936,2026 
2026,2027 
1938,2028 
1939,2029 
1939,2030 
1940,2030 
1940,2031 
2031,2032 
1942,2032 
1943,2033 
1944,2034 
2034,2035 
1945,2035 
2035,2036 
1947,2037 
1948,2038 
1949,2039 
2039,2040 
1949,2040 
1950,2040 
1950,2041 
1951,2041 
1952,2042 
1953,2043 
2043,2044 
1953,2044 
1954,2045 
1955,2046 
1957,2047 
1958,2048 
2048,2049 
2049,2050 
1960,2050 
1960,2051 
1961,2051 
1962,2052 
2052,2053 
1964,2054 
1965,2055 
1966,2056 
2056,2057 
2057,2058 
1967,2058 
1968,2059 
1969,2059 
1970,2060 
2060,2061 
1971,2062 
2062,2063 
1974,2064 
1975,2065 
1975,2066 
1977,2067 
1978,2068 
1978,2069 
1980,2070 
2071,2072 
1981,2072 
1982,2072 
2072,2073 
1984,2074 
1985,2075 
1986,2076 
2076,2077 
1987,2077 
1988,2078 
1989,2079 
2079,2080 
1991,2081 
1992,2082 
2082,2083 
1992,2083 
1993,2083 
1994,2084 
1995,2085 
1996,2086 
1997,2087 
2087,2088 
1997,2088 
1998,2089 
2000,2090 
2001,2091 
2002,2092 
2092,2093 
2004,2094 
2094,2095 
2005,2095 
2006,2096 
2096,2097 
2097,2098 
2009,2099 
2010,2100 
2100,2101 
2011,2101 
2101,2102 
2011,2102 
2102,2103 
2013,2103 
2013,2104 
2014,2105 
2016,2106 
2016,2107 
2017,2107 
2018,2108 
2019,2109 
2020,2110 
2021,2111 
2111,2112 
2022,2112 
2023,2113 
2113,2114 
2024,2114 
2024,2115 
2115,2116 
2026,2117 
2117,2118 
2028,2119 
2029,2119 
2119,2120 
2030,2121 
2032,2122 
2033,2123 
2034,2124 
2124,2125 
2034,2125 
2035,2125 
2035,2126 
2036,2126 
2037,2127 
2127,2128 
2038,2128 
2039,2129 
2040,2130 
2041,2131 
2041,2132 
2042,2132 
2132,2133 
2043,2133 
2044,2134 
2044,2135 
2045,2136 
2046,2137 
2048,2138 
2138,2139 
2049,2139 
2050,2140 
2051,2141 
2052,2142 
2053,2143 
2053,2144 
2054,2145 
2145,2146 
2055,2146 
2056,2146 
2057,2147 
2058,2148 
2058,2149 
2059,2149 
2060,2150 
2150,2151 
2062,2152 
2063,2153 
2064,2154 
2064,2155 
2065,2155 
2066,2156 
2067,2157 
2067,2158 
2068,2159 
2069,2159 
2070,2160 
2071,2162 
2072,2162 
2162,2163 
2072,2163 
2074,2164 
2164,2165 
2075,2165 
2076,2166 
2166,2167 
2076,2167 
2078,2168 
2168,2169 
2080,2170 
2081,2171 
2082,2172 
2083,2173 
2173,2174 
2085,2175 
2175,2176 
2085,2176 
2086,2176 
2176,2177 
2177,2178 
2087,2178 
2088,2178 
2088,2179 
2179,2180 
2091,2181 
2092,2182 
2093,2183 
2183,2184 
2094,2184 
2094,2185 
2095,2185 
2096,2186 
2097,2187 
2097,2188 
2098,2189 
2100,2190 
2190,2191 
2101,2191 
2102,2192 
2103,2193 
2193,2194 
2105,2195 
2106,2196 
2196,2197 
2107,2197 
2108,2198 
2198,2199 
2108,2199 
2109,2199 
2110,2200 
2110,2201 
2112,2202 
2202,2203 
2114,2204 
2114,2205 
2115,2205 
2205,2206 
2115,2206 
2116,2206 
2206,2207 
2118,2208 
2118,2209 
2120,2210 
2121,2211 
2211,2212 
2123,2213 
2124,2214 
2125,2215 
2215,2216 
2216,2217 
2127,2218 
2218,2219 
2128,2219 
2219,2220 
2129,2220 
2131,2221 
2131,2222 
2132,2222 
2222,2223 
2223,2224 
2135,2225 
2135,2226 
2137,2227 
2227,2228 
2138,2228 
2139,2229 
2140,2230 
2230,2231 
2140,2231 
2141,2232 
2142,2233 
2143,2233 
2144,2234 
2145,2235 
2235,2236 
2236,2237 
2147,2238 
2148,2239 
2149,2239 
2150,2240 
2240,2241 
2152,2242 
2153,2243 
2154,2244 
2155,2245 
2245,2246 
2157,2247 
2157,2248 
2159,2249 
2160,2250 
2161,2252 
2162,2253 
2164,2254 
2164,2255 
2255,2256 
2165,2256 
2167,2257 
2257,2258 
2167,2258 
2169,2259 
2259,2260 
2260,2261 
2171,2261 
2171,2262 
2172,2262 
2172,2263 
2263,2264 
2264,2265 
2174,2265 
2175,2265 
2265,2266 
2175,2266 
2176,2266 
2176,2267 
2178,2268 
2268,2269 
2178,2269 
2180,2270 
2181,2271 
2182,2272 
2272,2273 
2183,2273 
2273,2274 
2183,2274 
2184,2275 
2185,2275 
2275,2276 
2276,2277 
2277,2278 
2188,2279 
2189,2280 
2191,2281 
2191,2282 
2192,2282 
2282,2283 
2192,2283 
2194,2284 
2195,2285 
2285,2286 
2195,2286 
2196,2286 
2286,2287 
2198,2288 
2288,2289 
2198,2289 
2200,2290 
2290,2291 
2201,2291 
2202,2292 
2203,2293 
2293,2294 
2204,2294 
2205,2295 
2206,2296 
2207,2297 
2297,2298 
2207,2298 
2209,2299 
2299,2300 
2209,2300 
2210,2301 
2301,2302 
2213,2303 
2213,2304 
2214,2305 
2216,2306 
2217,2307 
2218,2308 
2308,2309 
2220,2310 
2310,2311 
2220,2311 
2221,2311 
2222,2312 
2223,2313 
2223,2314 
2225,2315 
2315,2316 
2225,2316 
2226,2317 
2228,2318 
2318,2319 
2230,2320 
2320,2321 
2231,2321 
2232,2322 
2322,2323 
2232,2323 
2234,2324 
2235,2325 
2325,2326 
2236,2326 
2236,2327 
2238,2328 
2328,2329 
2240,2330 
2241,2331 
2242,2332 
2332,2333 
2242,2333 
2333,2334 
2243,2334 
2334,2335 
2244,2335 
2245,2336 
2246,2336 
2336,2337 
2248,2338 
2248,2339 
2249,2339 
2250,2340 
2341,2342 
2252,2342 
2252,2343 
2254,2344 
2255,2345 
2256,2346 
2256,2347 
2257,2347 
2257,2348 
2348,2349 
2260,2350 
2350,2351 
2262,2352 
2263,2353 
2264,2354 
2265,2355 
2266,2356 
2266,2357 
2357,2358 
2358,2359 
2269,2359 
2359,2360 
2270,2361 
2271,2362 
2272,2362 
2272,2363 
2273,2364 
2274,2364 
2274,2365 
2365,2366 
2275,2366 
2276,2366 
2366,2367 
2276,2367 
2277,2367 
2278,2368 
2278,2369 
2279,2369 
2280,2370 
2370,2371 
2280,2371 
2281,2371 
2371,2372 
2283,2373 
2373,2374 
2374,2375 
2285,2375 
2286,2376 
2376,2377 
2287,2377 
2377,2378 
2378,2379 
2288,2379 
2290,2380 
2380,2381 
2292,2382 
2292,2383 
2294,2384 
2294,2385 
2295,2385 
2385,2386 
2295,2386 
2296,2386 
2297,2387 
2387,2388 
2298,2388 
2298,2389 
2300,2390 
2301,2391 
2302,2392 
2392,2393 
2302,2393 
2304,2394 
2305,2395 
2306,2396 
2307,2397 
2307,2398 
2309,2399 
2309,2400 
2310,2401 
2312,2402 
2313,2403 
2313,2404 
2314,2404 
2404,2405 
2315,2405 
2316,2406 
2406,2407 
2316,2407 
2317,2407 
2407,2408 
2319,2409 
2320,2410 
2320,2411 
2321,2411 
2321,2412 
2412,2413 
2324,2414 
2325,2415 
2325,2416 
2327,2417 
2327,2418 
2329,2419 
2330,2420 
2331,2421 
2332,2422 
2422,2423 
2423,2424 
2334,2424 
2335,2425 
2335,2426 
2336,2426 
2336,2427 
2337,2427 
2337,2428 
2428,2429 
2340,2430 
2431,2432 
2341,2432 
2432,2433 
2343,2434 
2344,2434 
2345,2435 
2346,2436 
2347,2437 
2348,2438 
2348,2439 
2350,2440 
2351,2441 
2352,2442 
2352,2443 
2353,2443 
2354,2444 
2354,2445 
2356,2446 
2356,2447 
2358,2448 
2448,2449 
2358,2449 
2360,2450 
2450,2451 
2362,2452 
2363,2453 
2364,2454 
2365,2455 
2366,2456 
2367,2457 
2367,2458 
2458,2459 
2369,2459 
2369,2460 
2371,2461 
2371,2462 
2372,2462 
2373,2463 
2463,2464 
2373,2464 
2375,2465 
2376,2466 
2377,2467 
2378,2468 
2379,2469 
2469,2470 
2379,2470 
2470,2471 
2381,2471 
2382,2472 
2383,2473 
2384,2474 
2385,2475 
2386,2476 
2476,2477 
2477,2478 
2388,2479 
2389,2480 
2390,2481 
2392,2482 
2393,2483 
2394,2484 
2395,2485 
2485,2486 
2486,2487 
2397,2487 
2398,2488 
2399,2489 
2400,2490 
2401,2491 
2401,2492 
2402,2492 
2403,2493 
2403,2494 
2404,2495 
2495,2496 
2496,2497 
2406,2497 
2407,2498 
2498,2499 
2408,2499 
2409,2500 
2410,2500 
2410,2501 
2412,2502 
2413,2503 
2503,2504 
2415,2505 
2416,2506 
2506,2507 
2417,2507 
2507,2508 
2508,2509 
2419,2510 
2420,2510 
2421,2511 
2511,2512 
2422,2512 
2512,2513 
2422,2513 
2423,2514 
2514,2515 
2426,2516 
2427,2517 
2517,2518 
2428,2518 
2429,2519 
2429,2520 
2430,2520 
2432,2522 
2522,2523 
2523,2524 
2433,2524 
2435,2525 
2436,2526 
2436,2527 
2527,2528 
2438,2529 
2440,2530 
2441,2531 
2442,2532 
2532,2533 
2443,2533 
2444,2534 
2445,2535 
2446,2536 
2447,2537 
2447,2538 
2448,2539 
2449,2540 
2540,2541 
2451,2542 
2542,2543 
2454,2544 
2455,2545 
2456,2546 
2456,2547 
2458,2548 
2548,2549 
2458,2549 
2459,2549 
2549,2550 
2459,2550 
2461,2551 
2551,2552 
2463,2553 
2553,2554 
2464,2555 
2555,2556 
2466,2556 
2466,2557 
2467,2557 
2468,2558 
2469,2559 
2470,2560 
2471,2561 
2471,2562 
2562,2563 
2472,2563 
2473,2563 
2474,2564 
2475,2565 
2565,2566 
2475,2566 
2476,2566 
2566,2567 
2476,2567 
2477,2568 
2478,2568 
2479,2569 
2480,2570 
2480,2571 
2571,2572 
2483,2573 
2573,2574 
2484,2574 
2484,2575 
2485,2576 
2486,2576 
2576,2577 
2486,2577 
2488,2578 
2578,2579 
2489,2580 
2490,2580 
2491,2581 
2581,2582 
2492,2583 
2493,2584 
2494,2584 
2494,2585 
2585,2586 
2586,2587 
2496,2587 
2497,2587 
2497,2588 
2588,2589 
2498,2589 
2499,2589 
2499,2590 
2500,2591 
2502,2592 
2502,2593 
2504,2594 
2594,2595 
2506,2596 
2507,2597 
2507,2598 
2508,2598 
2598,2599 
2510,2600 
2600,2601 
2510,2601 
2601,2602 
2513,2603 
2514,2604 
2604,2605 
2516,2606 
2606,2607 
2516,2607 
2517,2607 
2518,2608 
2519,2609 
2520,2610 
2522,2612 
2522,2613 
2613,2614 
2523,2614 
2525,2615 
2615,2616 
2527,2617 
2617,2618 
2527,2618 
2618,2619 
2528,2619 
2529,2620 
2620,2621 
2532,2622 
2532,2623 
2533,2623 
2534,2624 
2534,2625 
2535,2625 
2536,2626 
2537,2627 
2538,2628 
2539,2629 
2540,2630 
2540,2631 
2541,2631 
2541,2632 
2543,2633 
2633,2634 
2545,2635 
2546,2636 
2636,2637 
2547,2637 
2547,2638 
2549,2639 
2639,2640 
2550,2640 
2551,2641 
2552,2642 
2553,2643 
2553,2644 
2554,2645 
2556,2646 
2557,2647 
2557,2648 
2558,2648 
2648,2649 
2558,2649 
2559,2649 
2560,2650 
2561,2651 
2562,2652 
2652,2653 
2563,2654 
2565,2655 
2655,2656 
2565,2656 
2567,2657 
2568,2658 
2568,2659 
2570,2660 
2660,2661 
2571,2662 
2572,2662 
2573,2663 
2574,2664 
2664,2665 
2575,2665 
2665,2666 
2666,2667 
2578,2668 
2578,2669 
2669,2670 
2670,2671 
2581,2671 
2671,2672 
2672,2673 
2582,2673 
2584,2674 
2585,2675 
2585,2676 
2587,2677 
2588,2678 
2588,2679 
2590,2680 
2680,2681 
2591,2682 
2592,2682 
2593,2683 
2683,2684 
2594,2685 
2596,2686 
2686,2687 
2596,2687 
2597,2687 
2598,2688 
2599,2689 
2600,2690 
2600,2691 
2691,2692 
2603,2693 
2603,2694 
2604,2695 
2606,2696 
2696,2697 
2607,2698 
2608,2699 
2699,2700 
2609,2700 
2701,2702 
2611,2702 
2613,2703 
2614,2704 
2615,2705 
2705,2706 
2617,2707 
2617,2708 
2619,2709 
2620,2710 
2621,2711 
2622,2712 
2623,2713 
2713,2714 
2623,2714 
2624,2715 
2625,2715 
2626,2716 
2716,2717 
2627,2717 
2717,2718 
2627,2718 
2629,2719 
2630,2720 
2630,2721 
2632,2722 
2722,2723 
2723,2724 
2634,2725 
2725,2726 
2726,2727 
2636,2727 
2638,2728 
2639,2729 
2729,2730 
2641,2731 
2642,2732 
2732,2733 
2642,2733 
2733,2734 
2734,2735 
2645,2736 
2736,2737 
2646,2737 
2647,2737 
2648,2738 
2738,2739 
2649,2739 
2649,2740 
2650,2740 
2651,2741 
2652,2742 
2742,2743 
2652,2743 
2653,2743 
2653,2744 
2654,2745 
2655,2745 
2745,2746 
2656,2747 
2657,2748 
2658,2749 
2660,2750 
2661,2751 
2662,2752 
2662,2753 
2663,2753 
2664,2754 
2664,2755 
2665,2755 
2755,2756 
2665,2756 
2667,2757 
2757,2758 
2667,2758 
2668,2758 
2758,2759 
2669,2760 
2670,2760 
2760,2761 
2761,2762 
2672,2762 
2673,2763 
2674,2764 
2674,2765 
2676,2766 
2677,2767 
2678,2768 
2679,2769 
2679,2770 
2681,2771 
2771,2772 
2772,2773 
2683,2773 
2684,2774 
2684,2775 
2686,2776 
2687,2777 
2777,2778 
2688,2778 
2778,2779 
2688,2779 
2690,2780 
2691,2781 
2781,2782 
2693,2783 
2783,2784 
2694,2784 
2695,2785 
2696,2786 
2696,2787 
2787,2788 
2788,2789 
2699,2789 
2699,2790 
2702,2792 
2792,2793 
2702,2793 
2703,2793 
2793,2794 
2705,2795 
2795,2796 
2706,2797 
2708,2798 
2798,2799 
2709,2800 
2800,2801 
2710,2801 
2711,2801 
2712,2802 
2713,2803 
2713,2804 
2715,2805 
2716,2806 
2717,2807 
2717,2808 
2718,2808 
2718,2809 
2720,2810 
2721,2811 
2721,2812 
2722,2812 
2723,2813 
2813,2814 
2814,2815 
2726,2816 
2727,2817 
2728,2818 
2729,2819 
2730,2820 
2731,2821 
2731,2822 
2732,2822 
2733,2823 
2823,2824 
2734,2824 
2824,2825 
2736,2826 
2826,2827 
2736,2827 
2737,2827 
2737,2828 
2738,2828 
2739,2829 
2740,2830 
2741,2831 
2741,2832 
2743,2833 
2744,2834 
2834,2835 
2746,2836 
2747,2837 
2837,2838 
2747,2838 
2749,2839 
2749,2840 
2750,2840 
2751,2841 
2841,2842 
2751,2842 
2753,2843 
2754,2844 
2754,2845 
2756,2846 
2756,2847 
2757,2848 
2758,2849 
2760,2850 
2760,2851 
2761,2851 
2762,2852 
2763,2853 
2853,2854 
2765,2855 
2855,2856 
2765,2856 
2766,2857 
2857,2858 
2767,2858 
2769,2859 
2770,2860 
2771,2861 
2772,2862 
2773,2863 
2774,2864 
2774,2865 
2775,2865 
2775,2866 
2777,2867 
2778,2868 
2779,2869 
2779,2870 
2780,2870 
2780,2871 
2871,2872 
2782,2873 
2783,2874 
2784,2874 
2785,2875 
2786,2876 
2786,2877 
2787,2877 
2788,2878 
2789,2879 
2790,2880 
2792,2882 
2793,2883 
2883,2884 
2795,2885 
2796,2886 
2886,2887 
2796,2887 
2798,2888 
2799,2889 
2800,2890 
2801,2891 
2802,2892 
2892,2893 
2802,2893 
2804,2894 
2894,2895 
2804,2895 
2805,2895 
2895,2896 
2896,2897 
2806,2897 
2807,2897 
2897,2898 
2809,2899 
2810,2900 
2900,2901 
2810,2901 
2812,2902 
2813,2903 
2903,2904 
2813,2904 
2904,2905 
2815,2905 
2816,2906 
2816,2907 
2818,2908 
2818,2909 
2820,2910 
2820,2911 
2821,2911 
2911,2912 
2821,2912 
2822,2913 
2913,2914 
2823,2914 
2824,2915 
2915,2916 
2916,2917 
2826,2917 
2917,2918 
2828,2918 
2828,2919 
2829,2920 
2830,2920 
2920,2921 
2921,2922 
2833,2923 
2834,2924 
2835,2925 
2925,2926 
2835,2926 
2836,2927 
2838,2928 
2838,2929 
2840,2930 
2841,2931 
2931,2932 
2841,2932 
2842,2932 
2932,2933 
2842,2933 
2843,2933 
2844,2934 
2845,2935 
2935,2936 
2936,2937 
2846,2937 
2848,2938 
2849,2939 
2939,2940 
2850,2940 
2851,2941 
2852,2942 
2853,2943 
2943,2944 
2854,2944 
2944,2945 
2856,2946 
2857,2947 
2947,2948 
2857,2948 
2859,2949 
2949,2950 
2859,2950 
2861,2951 
2862,2952 
2952,2953 
2953,2954 
2954,2955 
2864,2955 
2865,2955 
2955,2956 
2866,2956 
2867,2957 
2957,2958 
2867,2958 
2868,2959 
2869,2959 
2959,2960 
2960,2961 
2872,2962 
2962,2963 
2873,2964 
2875,2965 
2876,2966 
2877,2967 
2878,2968 
2878,2969 
2880,2970 
2881,2972 
2882,2972 
2972,2973 
2883,2974 
2884,2974 
2974,2975 
2884,2975 
2886,2976 
2887,2977 
2887,2978 
2888,2979 
2889,2979 
2890,2980 
2891,2981 
2981,2982 
2891,2982 
2892,2982 
2893,2983 
2893,2984 
2984,2985 
2896,2986 
2896,2987 
2897,2987 
2898,2988 
2899,2989 
2900,2990 
2990,2991 
2900,2991 
2991,2992 
2903,2993 
2904,2994 
2904,2995 
2906,2996 
2907,2997 
2908,2998 
2909,2999 
2910,3000 
3000,3001 
2911,3002 
2912,3003 
2913,3004 
2914,3004 
2915,3005 
3005,3006 
2915,3006 
2917,3007 
2918,3008 
2919,3009 
3009,3010 
2920,3010 
3010,3011 
2920,3011 
2922,3012 
3012,3013 
2922,3013 
2923,3014 
2924,3014 
3014,3015 
2925,3015 
3015,3016 
2926,3016 
2927,3017 
2928,3018 
3018,3019 
2929,3019 
2930,3020 
3020,3021 
3021,3022 
2931,3022 
2932,3023 
2934,3024 
2935,3025 
2936,3026 
3026,3027 
3027,3028 
3028,3029 
2940,3030 
2941,3031 
2942,3032 
2942,3033 
3033,3034 
2944,3035 
2945,3035 
2946,3036 
2947,3037 
2948,3038 
2949,3039 
2950,3040 
2951,3041 
2952,3042 
3042,3043 
2952,3043 
3043,3044 
2953,3044 
2954,3044 
2954,3045 
2956,3046 
3046,3047 
2957,3048 
2958,3049 
2960,3050 
2961,3051 
3051,3052 
2961,3052 
2963,3053 
2963,3054 
3054,3055 
2965,3055 
3055,3056 
2966,3056 
3056,3057 
2966,3057 
2967,3057 
2968,3058 
2969,3059 
2970,3060 
2971,3062 
2973,3063 
3063,3064 
2973,3064 
3064,3065 
2975,3066 
2977,3067 
2978,3068 
2979,3069 
2980,3070 
2980,3071 
2982,3072 
2983,3073 
2984,3074 
3074,3075 
2984,3075 
2986,3076 
2987,3077 
2987,3078 
2988,3078 
2989,3079 
2990,3080 
2991,3081 
2991,3082 
2993,3083 
2994,3084 
2995,3085 
2995,3086 
2997,3087 
2997,3088 
2998,3088 
3088,3089 
3000,3090 
3090,3091 
3001,3091 
3002,3092 
3092,3093 
3003,3093 
3093,3094 
3003,3094 
3004,3094 
3004,3095 
3095,3096 
3006,3097 
3008,3098 
3009,3099 
3099,3100 
3009,3100 
3010,3100 
3100,3101 
3012,3102 
3013,3103 
3013,3104 
3104,3105 
3105,3106 
3015,3106 
3017,3107 
3107,3108 
3019,3109 
3019,3110 
3020,3111 
3111,3112 
3023,3113 
3024,3114 
3114,3115 
3024,3115 
3026,3116 
3026,3117 
3027,3118 
3028,3118 
3029,3119 
3030,3120 
3120,3121 
3031,3122 
3032,3123 
3034,3124 
3124,3125 
3125,3126 
3035,3126 
3036,3126 
3037,3127 
3127,3128 
3037,3128 
3038,3129 
3129,3130 
3040,3130 
3130,3131 
3040,3131 
3042,3132 
3043,3133 
3043,3134 
3045,3135 
3046,3136 
3136,3137 
3046,3137 
3137,3138 
3049,3139 
3139,3140 
3051,3141 
3141,3142 
3052,3143 
3053,3144 
3054,3144 
3144,3145 
3145,3146 
3146,3147 
3057,3147 
3058,3148 
3148,3149 
3059,3149 
3059,3150 
3060,3150 
3151,3152 
3062,3152 
3062,3153 
3064,3154 
3154,3155 
3065,3155 
3065,3156 
3066,3156 
3156,3157 
3066,3157 
3067,3157 
3157,3158 
3069,3159 
3069,3160 
3070,3161 
3161,3162 
3072,3162 
3162,3163 
3072,3163 
3074,3164 
3164,3165 
3074,3165 
3076,3166 
3166,3167 
3076,3167 
3077,3167 
3077,3168 
3078,3168 
3168,3169 
3169,3170 
3080,3170 
3081,3171 
3081,3172 
3083,3173 
3084,3174 
3085,3175 
3086,3176 
3176,3177 
3177,3178 
3088,3178 
3178,3179 
3089,3179 
3090,3180 
3180,3181 
3091,3182 
3093,3183 
3093,3184 
3095,3185 
3095,3186 
3186,3187 
3097,3188 
3188,3189 
3099,3189 
3100,3190 
3190,3191 
3100,3191 
3101,3191 
3191,3192 
3101,3192 
3102,3193 
3103,3194 
3194,3195 
3106,3196 
3107,3197 
3107,3198 
3109,3199 
3110,3200 
3111,3201 
3111,3202 
3202,3203 
3113,3203 
3113,3204 
3115,3205 
3115,3206 
3116,3206 
3206,3207 
3207,3208 
3208,3209 
3118,3209 
3119,3209 
3209,3210 
3120,3210 
3121,3211 
3211,3212 
3122,3212 
3212,3213 
3124,3214 
3124,3215 
3215,3216 
3125,3216 
3126,3216 
3216,3217 
3127,3217 
3217,3218 
3127,3218 
3218,3219 
3128,3219 
3129,3220 
3130,3220 
3220,3221 
3130,3221 
3131,3222 
3133,3223 
3134,3224 
3224,3225 
3225,3226 
3136,3226 
3137,3227 
3227,3228 
3137,3228 
3138,3228 
3138,3229 
3139,3229 
3229,3230 
3140,3230 
3141,3231 
3141,3232 
3142,3232 
3143,3233 
3144,3234 
3234,3235 
3144,3235 
3145,3236 
3236,3237 
3146,3237 
3147,3238 
3149,3239 
3150,3240 
3151,3242 
3152,3242 
3242,3243 
3153,3243 
3154,3244 
3154,3245 
3156,3246 
3157,3247 
3247,3248 
3158,3248 
3248,3249 
3159,3250 
3161,3251 
3251,3252 
3161,3252 
3162,3252 
3162,3253 
3163,3253 
3253,3254 
3164,3254 
3165,3255 
3255,3256 
3166,3256 
3256,3257 
3257,3258 
3168,3258 
3258,3259 
3168,3259 
3259,3260 
3171,3261 
3261,3262 
3171,3262 
3173,3263 
3174,3264 
3175,3265 
3265,3266 
3175,3266 
3177,3267 
3178,3268 
3178,3269 
3179,3269 
3269,3270 
3179,3270 
3270,3271 
3180,3271 
3181,3271 
3271,3272 
3183,3273 
3273,3274 
3183,3274 
3185,3275 
3275,3276 
3186,3276 
3187,3277 
3277,3278 
3189,3279 
3190,3280 
3191,3281 
3192,3282 
3282,3283 
3192,3283 
3193,3283 
3283,3284 
3284,3285 
3196,3286 
3286,3287 
3196,3287 
3198,3288 
3288,3289 
3199,3289 
3200,3290 
3201,3291 
3291,3292 
3202,3293 
3203,3293 
3204,3294 
3205,3295 
3295,3296 
3206,3297 
3207,3298 
3298,3299 
3210,3300 
3300,3301 
3210,3301 
3211,3301 
3211,3302 
3212,3303 
3213,3303 
3214,3304 
3215,3305 
3305,3306 
3216,3307 
3218,3308 
3218,3309 
3220,3310 
3220,3311 
3311,3312 
3222,3313 
3313,3314 
3223,3314 
3314,3315 
3224,3315 
3225,3315 
3315,3316 
3226,3316 
3316,3317 
3226,3317 
3317,3318 
3318,3319 
3319,3320 
3231,3321 
3232,3322 
3232,3323 
3233,3324 
3234,3324 
3235,3325 
3236,3326 
3237,3327 
3238,3328 
3238,3329 
3329,3330 
3240,3330 
3242,3332 
3243,3333 
3244,3334 
3334,3335 
3246,3336 
3247,3337 
3337,3338 
3249,3339 
3339,3340 
3250,3340 
3250,3341 
3251,3341 
3251,3342 
3252,3342 
3252,3343 
3343,3344 
3255,3345 
3345,3346 
3257,3347 
3258,3348 
3259,3349 
3349,3350 
3259,3350 
3260,3350 
3261,3351 
3351,3352 
3263,3353 
3353,3354 
3264,3354 
3265,3355 
3355,3356 
3266,3357 
3268,3358 
3358,3359 
3269,3359 
3270,3360 
3271,3361 
3272,3362 
3362,3363 
3273,3364 
3274,3365 
3276,3366 
3366,3367 
3277,3367 
3278,3368 
3279,3369 
3280,3370 
3281,3371 
3281,3372 
3283,3373 
3284,3374 
3374,3375 
3284,3375 
3286,3376 
3286,3377 
3287,3377 
3287,3378 
3378,3379 
3289,3379 
3290,3380 
3380,3381 
3292,3382 
3382,3383 
3293,3384 
3384,3385 
3296,3386 
3297,3387 
3298,3388 
3299,3389 
3389,3390 
3299,3390 
3301,3391 
3301,3392 
3392,3393 
3304,3394 
3305,3395 
3395,3396 
3307,3397 
3307,3398 
3309,3399 
3309,3400 
3400,3401 
3311,3401 
3401,3402 
3402,3403 
3313,3404 
3314,3404 
3404,3405 
3316,3406 
3317,3407 
3318,3408 
3319,3409 
3319,3410 
3321,3411 
3322,3412 
3412,3413 
3323,3414 
3325,3415 
3325,3416 
3416,3417 
3326,3417 
3328,3418 
3328,3419 
3329,3419 
3419,3420 
3421,3422 
3333,3423 
3334,3424 
3335,3425 
3335,3426 
3426,3427 
3427,3428 
3337,3428 
3338,3428 
3428,3429 
3339,3429 
3429,3430 
3339,3430 
3340,3430 
3340,3431 
3431,3432 
3342,3432 
3432,3433 
3344,3434 
3345,3435 
3345,3436 
3347,3437 
3348,3438 
3349,3439 
3439,3440 
3349,3440 
3350,3441 
3352,3442 
3442,3443 
3353,3443 
3354,3444 
3355,3445 
3445,3446 
3357,3447 
3357,3448 
3448,3449 
3360,3450 
3360,3451 
3361,3452 
3452,3453 
3364,3454 
3364,3455 
3455,3456 
3365,3456 
3366,3457 
3367,3457 
3457,3458 
3369,3459 
3370,3460 
3371,3461 
3461,3462 
3372,3463 
3374,3464 
3464,3465 
3374,3465 
3376,3466 
3377,3467 
3378,3468 
3378,3469 
3379,3469 
3380,3470 
3380,3471 
3381,3472 
3382,3473 
3383,3474 
3474,3475 
3384,3475 
3475,3476 
3476,3477 
3387,3478 
3388,3478 
3389,3479 
3390,3480 
3480,3481 
3391,3482 
3393,3483 
3393,3484 
3395,3485 
3485,3486 
3395,3486 
3396,3486 
3397,3487 
3398,3488 
3399,3489 
3399,3490 
3401,3491 
3491,3492 
3402,3492 
3403,3493 
3493,3494 
3405,3495 
3495,3496 
3405,3496 
3407,3497 
3408,3498 
3409,3499 
3409,3500 
3410,3501 
3412,3502 
3412,3503 
3413,3503 
3413,3504 
3415,3505 
3416,3506 
3417,3507 
3418,3508 
3419,3509 
3419,3510 
3421,3512 
3512,3513 
3422,3513 
3423,3513 
3424,3514 
3424,3515 
3426,3516 
3426,3517 
3427,3517 
3428,3518 
3428,3519 
3430,3520 
3430,3521 
3432,3522 
3522,3523 
3434,3524 
3435,3525 
3525,3526 
3436,3526 
3437,3527 
3527,3528 
3437,3528 
3438,3529 
3439,3529 
3439,3530 
3530,3531 
3440,3531 
3531,3532 
3443,3533 
3444,3534 
3445,3535 
3445,3536 
3446,3536 
3446,3537 
3447,3537 
3448,3538 
3448,3539 
3449,3539 
3450,3540 
3540,3541 
3541,3542 
3451,3542 
3452,3542 
3453,3543 
3543,3544 
3455,3545 
3545,3546 
3455,3546 
3456,3546 
3457,3547 
3458,3548 
3458,3549 
3459,3549 
3460,3550 
3461,3551 
3551,3552 
3461,3552 
3552,3553 
3462,3553 
3463,3554 
3464,3555 
3466,3556 
3466,3557 
3557,3558 
3558,3559 
3559,3560 
3470,3561 
3561,3562 
3472,3562 
3473,3563 
3474,3564 
3475,3565 
3476,3566 
3477,3567 
3478,3568 
3479,3569 
3569,3570 
3479,3570 
3570,3571 
3481,3572 
3483,3573 
3573,3574 
3483,3574 
3484,3574 
3484,3575 
3485,3576 
3486,3576 
3487,3577 
3577,3578 
3487,3578 
3578,3579 
3488,3579 
3489,3579 
3579,3580 
3489,3580 
3491,3581 
3491,3582 
3492,3582 
3493,3583 
3494,3584 
3495,3585 
3585,3586 
3586,3587 
3498,3588 
3498,3589 
3499,3589 
3589,3590 
3501,3591 
3501,3592 
3502,3593 
3593,3594 
3504,3595 
3505,3596 
3506,3596 
3506,3597 
3597,3598 
3509,3599 
3599,3600 
3510,3600 
3511,3602 
3512,3602 
3513,3603 
3513,3604 
3604,3605 
3515,3605 
3605,3606 
3516,3606 
3516,3607 
3517,3608 
3519,3609 
3609,3610 
3520,3611 
3611,3612 
3521,3612 
3523,3613 
3613,3614 
3525,3615 
3526,3616 
3616,3617 
3526,3617 
3527,3617 
3617,3618 
3527,3618 
3528,3618 
3618,3619 
3529,3619 
3530,3620 
3531,3621 
3532,3622 
3533,3623 
3623,3624 
3534,3624 
3624,3625 
3536,3626 
3626,3627 
3536,3627 
3538,3628 
3628,3629 
3539,3629 
3539,3630 
3540,3631 
3631,3632 
3542,3632 
3543,3633 
3543,3634 
3545,3635 
3635,3636 
3547,3637 
3637,3638 
3548,3638 
3549,3639 
3549,3640 
3640,3641 
3551,3641 
3551,3642 
3552,3642 
3553,3643 
3643,3644 
3553,3644 
3555,3645 
3645,3646 
3557,3647 
3558,3648 
3648,3649 
3560,3650 
3561,3651 
3562,3652 
3563,3653 
3653,3654 
3564,3654 
3565,3655 
3655,3656 
3566,3656 
3567,3657 
3568,3658 
3569,3659 
3570,3660 
3571,3661 
3571,3662 
3572,3662 
3573,3663 
3574,3664 
3575,3665 
3576,3666 
3577,3667 
3578,3668 
3579,3669 
3579,3670 
3670,3671 
3580,3671 
3671,3672 
3672,3673 
3583,3673 
3673,3674 
3585,3675 
3675,3676 
3586,3676 
3587,3677 
3677,3678 
3589,3679 
3679,3680 
3589,3680 
3591,3681 
3591,3682 
3593,3683 
3594,3684 
3594,3685 
3595,3685 
3685,3686 
3595,3686 
3596,3687 
3598,3688 
3598,3689 
3689,3690 
3601,3692 
3603,3693 
3603,3694 
3604,3694 
3604,3695 
3695,3696 
3605,3696 
3606,3696 
3696,3697 
3608,3698 
3609,3699 
3610,3700 
3700,3701 
3610,3701 
3611,3701 
3612,3702 
3612,3703 
3703,3704 
3615,3705 
3616,3706 
3616,3707 
3617,3707 
3617,3708 
3618,3708 
3618,3709 
3619,3710 
3621,3711 
3621,3712 
3622,3712 
3623,3713 
3624,3714 
3625,3715 
3626,3716 
3716,3717 
3717,3718 
3718,3719 
3628,3719 
3630,3720 
3630,3721 
3721,3722 
3631,3722 
3632,3723 
3634,3724 
3724,3725 
3634,3725 
3725,3726 
3635,3726 
3636,3726 
3637,3727 
3638,3728 
3639,3729 
3640,3730 
3730,3731 
3731,3732 
3643,3733 
3643,3734 
3644,3735 
3645,3735 
3646,3736 
3736,3737 
3737,3738 
3648,3738 
3649,3739 
3649,3740 
3650,3741 
3741,3742 
3652,3742 
3742,3743 
3652,3743 
3653,3743 
3654,3744 
3654,3745 
3655,3745 
3655,3746 
3656,3746 
3657,3747 
3747,3748 
3748,3749 
3658,3749 
3660,3750 
3750,3751 
3662,3752 
3752,3753 
3663,3753 
3663,3754 
3665,3755 
3755,3756 
3667,3757 
3757,3758 
3668,3758 
3669,3759 
3759,3760 
3670,3760 
3671,3761 
3761,3762 
3672,3763 
3674,3764 
3674,3765 
3675,3765 
3765,3766 
3676,3766 
3677,3767 
3678,3768 
3768,3769 
3679,3769 
3680,3770 
3681,3771 
3682,3772 
3772,3773 
3683,3773 
3684,3774 
3685,3775 
3686,3776 
3776,3777 
3686,3777 
3687,3778 
3688,3778 
3689,3779 
3690,3780 
3692,3782 
3693,3783 
3694,3784 
3784,3785 
3694,3785 
3785,3786 
3695,3786 
3696,3787 
3697,3788 
3698,3788 
3698,3789 
3699,3789 
3789,3790 
3700,3791 
3791,3792 
3792,3793 
3793,3794 
3705,3795 
3705,3796 
3706,3797 
3707,3798 
3709,3799 
3709,3800 
3710,3800 
3711,3801 
3711,3802 
3712,3803 
3714,3804 
3714,3805 
3715,3806 
3716,3806 
3716,3807 
3718,3808 
3718,3809 
3809,3810 
3720,3811 
3811,3812 
3721,3812 
3722,3812 
3812,3813 
3724,3814 
3725,3815 
3815,3816 
3816,3817 
3727,3817 
3728,3818 
3818,3819 
3819,3820 
3730,3820 
3820,3821 
3732,3822 
3733,3823 
3734,3824 
3824,3825 
3735,3826 
3736,3827 
3738,3828 
3828,3829 
3738,3829 
3739,3830 
3740,3830 
3830,3831 
3740,3831 
3831,3832 
3741,3832 
3742,3833 
3743,3834 
3745,3835 
3746,3836 
3836,3837 
3746,3837 
3748,3838 
3748,3839 
3839,3840 
3749,3840 
3750,3840 
3840,3841 
3841,3842 
3752,3843 
3843,3844 
3753,3844 
3754,3844 
3844,3845 
3754,3845 
3756,3846 
3757,3847 
3758,3848 
3759,3849 
3849,3850 
3760,3850 
3760,3851 
3851,3852 
3761,3852 
3762,3852 
3763,3853 
3764,3854 
3765,3855 
3765,3856 
3856,3857 
3766,3857 
3767,3858 
3769,3859 
3859,3860 
3769,3860 
3770,3860 
3860,3861 
3772,3862 
3772,3863 
3774,3864 
3774,3865 
3775,3866 
3777,3867 
3867,3868 
3778,3869 
3869,3870 
3779,3870 
3780,3870 
3871,3872 
3781,3872 
3782,3873 
3784,3874 
3784,3875 
3786,3876 
3786,3877 
3788,3878 
3788,3879 
3789,3879 
3790,3880 
3791,3881 
3881,3882 
3793,3883 
3794,3884 
3884,3885 
3794,3885 
3796,3886 
3797,3887 
3797,3888 
3798,3888 
3888,3889 
3799,3890 
3800,3890 
3890,3891 
3800,3891 
3891,3892 
3802,3892 
3803,3893 
3804,3894 
3804,3895 
3805,3895 
3805,3896 
3896,3897 
3897,3898 
3808,3898 
3808,3899 
3809,3899 
3899,3900 
3809,3900 
3810,3900 
3811,3901 
3901,3902 
3812,3903 
3813,3904 
3814,3904 
3904,3905 
3815,3906 
3906,3907 
3816,3907 
3818,3908 
3819,3909 
3909,3910 
3820,3910 
3821,3911 
3822,3912 
3912,3913 
3913,3914 
3823,3914 
3824,3914 
3825,3915 
3826,3916 
3827,3917 
3828,3918 
3829,3919 
3919,3920 
3831,3921 
3921,3922 
3833,3923 
3833,3924 
3834,3924 
3835,3925 
3836,3926 
3836,3927 
3927,3928 
3837,3928 
3928,3929 
3838,3929 
3840,3930 
3841,3931 
3842,3932 
3842,3933 
3843,3934 
3934,3935 
3844,3935 
3845,3935 
3935,3936 
3847,3937 
3847,3938 
3849,3939 
3850,3940 
3940,3941 
3851,3942 
3853,3943 
3853,3944 
3854,3944 
3854,3945 
3945,3946 
3856,3947 
3857,3947 
3858,3948 
3858,3949 
3859,3950 
3861,3951 
3951,3952 
3862,3952 
3863,3953 
3953,3954 
3863,3954 
3864,3954 
3954,3955 
3865,3955 
3955,3956 
3865,3956 
3867,3957 
3957,3958 
3867,3958 
3958,3959 
3869,3959 
3870,3960 
3961,3962 
3872,3963 
3874,3964 
3874,3965 
3875,3965 
3965,3966 
3966,3967 
3877,3967 
3967,3968 
3879,3969 
3879,3970 
3880,3970 
3881,3971 
3971,3972 
3972,3973 
3884,3974 
3974,3975 
3884,3975 
3886,3976 
3887,3977 
3887,3978 
3889,3979 
3889,3980 
3891,3981 
3892,3982 
3892,3983 
3983,3984 
3893,3984 
3894,3984 
3895,3985 
3896,3986 
3896,3987 
3898,3988 
3988,3989 
3899,3990 
3900,3990 
3901,3991 
3901,3992 
3903,3993 
3993,3994 
3903,3994 
3904,3994 
3994,3995 
3905,3995 
3995,3996 
3905,3996 
3907,3997 
3908,3998 
3908,3999 
3910,4000 
3911,4001 
4001,4002 
3911,4002 
3912,4002 
4002,4003 
3914,4004 
3915,4005 
3916,4006 
4006,4007 
3916,4007 
4007,4008 
3919,4009 
4009,4010 
3919,4010 
3920,4010 
4010,4011 
4011,4012 
3921,4012 
3923,4013 
3924,4014 
3925,4015 
3926,4016 
3926,4017 
3928,4018 
3929,4019 
4019,4020 
3929,4020 
3930,4020 
4020,4021 
4021,4022 
3933,4023 
3933,4024 
3935,4025 
4025,4026 
3936,4027 
3938,4028 
4028,4029 
3938,4029 
3939,4029 
4029,4030 
3941,4031 
3941,4032 
4032,4033 
3944,4034 
3945,4035 
4035,4036 
3945,4036 
3946,4037 
3948,4038 
3949,4039 
4039,4040 
3950,4040 
4040,4041 
3952,4042 
4042,4043 
3952,4043 
3953,4043 
4043,4044 
3955,4045 
4045,4046 
3957,4047 
4047,4048 
3958,4049 
3959,4049 
4049,4050 
3961,4052 
3963,4053 
4053,4054 
4054,4055 
3966,4056 
3967,4057 
3967,4058 
3968,4059 
3970,4060 
3970,4061 
3971,4061 
3972,4062 
3973,4063 
3973,4064 
3974,4064 
3975,4065 
3976,4066 
3977,4067 
3978,4068 
4068,4069 
3980,4070 
4070,4071 
3981,4072 
3983,4073 
3984,4074 
3984,4075 
3985,4075 
3986,4076 
3987,4077 
3988,4078 
3988,4079 
3989,4079 
4079,4080 
3990,4080 
3991,4081 
3992,4082 
3993,4083 
3994,4084 
3994,4085 
3996,4086 
4086,4087 
3998,4088 
3998,4089 
4089,4090 
3999,4090 
4000,4090 
4000,4091 
4001,4091 
4091,4092 
4092,4093 
4004,4094 
4005,4095 
4005,4096 
4007,4097 
4008,4098 
4008,4099 
4099,4100 
4009,4100 
4100,4101 
4011,4101 
4012,4102 
4012,4103 
4013,4103 
4014,4104 
4104,4105 
4014,4105 
4016,4106 
4017,4107 
4018,4108 
4019,4109 
4020,4110 
4021,4111 
4022,4112 
4022,4113 
4024,4114 
4025,4115 
4115,4116 
4025,4116 
4026,4116 
4027,4117 
4028,4118 
4028,4119 
4030,4120 
4120,4121 
4030,4121 
4032,4122 
4032,4123 
4033,4123 
4033,4124 
4034,4124 
4035,4125 
4036,4126 
4126,4127 
4037,4127 
4038,4128 
4039,4129 
4040,4130 
4130,4131 
4040,4131 
4041,4131 
4041,4132 
4042,4132 
4132,4133 
4042,4133 
4043,4134 
4134,4135 
4044,4135 
4135,4136 
4046,4136 
4046,4137 
4048,4138 
4049,4139 
4050,4140 
4052,4142 
4052,4143 
4053,4144 
4144,4145 
4056,4146 
4057,4147 
4147,4148 
4059,4149 
4060,4150 
4061,4151 
4062,4152 
4062,4153 
4063,4153 
4064,4154 
4154,4155 
4064,4155 
4155,4156 
4067,4157 
4157,4158 
4068,4158 
4069,4159 
4070,4160 
4160,4161 
4071,4162 
4072,4162 
4073,4163 
4163,4164 
4075,4165 
4075,4166 
4077,4167 
4078,4168 
4168,4169 
4078,4169 
4080,4170 
4080,4171 
4081,4171 
4082,4172 
4083,4173 
4083,4174 
4085,4175 
4175,4176 
4086,4176 
4087,4177 
4088,4178 
4089,4179 
4090,4180 
4091,4181 
4181,4182 
4091,4182 
4093,4183 
4183,4184 
4094,4184 
4184,4185 
4094,4185 
4185,4186 
4095,4186 
4096,4186 
4096,4187 
4187,4188 
4098,4189 
4100,4190 
4190,4191 
4101,4192 
4103,4193 
4193,4194 
4104,4195 
4106,4196 
4107,4197 
4108,4198 
4108,4199 
4110,4200 
4200,4201 
4111,4202 
4113,4203 
4114,4204 
4115,4205 
4116,4206 
4206,4207 
4116,4207 
4207,4208 
4117,4208 
4208,4209 
4118,4209 
4209,4210 
4210,4211 
4122,4212 
4123,4213 
4124,4214 
4124,4215 
4215,4216 
4126,4216 
4126,4217 
4127,4217 
4127,4218 
4218,4219 
4130,4220 
4131,4221 
4221,4222 
4222,4223 
4133,4223 
4133,4224 
4134,4225 
4136,4226 
4137,4227 
4227,4228 
4139,4229 
4229,4230 
4142,4232 
4143,4233 
4144,4234 
4234,4235 
4146,4236 
4236,4237 
4237,4238 
4149,4239 
4239,4240 
4150,4240 
4240,4241 
4152,4242 
4152,4243 
4153,4243 
4243,4244 
4244,4245 
4154,4245 
4155,4245 
4156,4246 
4157,4247 
4158,4248 
4248,4249 
4159,4249 
4249,4250 
4250,4251 
4161,4251 
4161,4252 
4162,4252 
4163,4253 
4253,4254 
4163,4254 
4164,4255 
4165,4255 
4166,4256 
4167,4257 
4168,4258 
4169,4259 
4259,4260 
4169,4260 
4171,4261 
4172,4262 
4173,4263 
4174,4264 
4174,4265 
4265,4266 
4175,4266 
4176,4267 
4177,4267 
4267,4268 
4177,4268 
4178,4268 
4179,4269 
4180,4270 
4180,4271 
4271,4272 
4183,4273 
4273,4274 
4274,4275 
4184,4275 
4185,4275 
4275,4276 
4185,4276 
4186,4277 
4277,4278 
4187,4278 
4278,4279 
4190,4280 
4280,4281 
4192,4282 
4193,4283 
4194,4284 
4194,4285 
4285,4286 
4286,4287 
4287,4288 
4199,4289 
4289,4290 
4201,4291 
4291,4292 
4202,4292 
4203,4293 
4204,4294 
4205,4295 
4206,4296 
4207,4297 
4208,4298 
4209,4299 
4210,4300 
4211,4301 
4301,4302 
4213,4303 
4303,4304 
4213,4304 
4215,4305 
4216,4306 
4306,4307 
4307,4308 
4308,4309 
4220,4310 
4310,4311 
4222,4312 
4223,4313 
4313,4314 
4224,4315 
4225,4315 
4226,4316 
4227,4317 
4227,4318 
4228,4318 
4318,4319 
4319,4320 
4230,4320 
4232,4322 
4322,4323 
4233,4323 
4323,4324 
4235,4325 
4235,4326 
4236,4327 
4238,4328 
4239,4329 
4240,4330 
4240,4331 
4241,4331 
4331,4332 
4242,4332 
4243,4333 
4243,4334 
4334,4335 
4244,4335 
4335,4336 
4245,4336 
4247,4337 
4337,4338 
4247,4338 
4248,4339 
4250,4340 
4340,4341 
4250,4341 
4341,4342 
4252,4342 
4342,4343 
4252,4343 
4253,4343 
4343,4344 
4254,4344 
4344,4345 
4256,4346 
4257,4347 
4347,4348 
4257,4348 
4258,4348 
4348,4349 
4258,4349 
4259,4349 
4349,4350 
4261,4351 
4351,4352 
4262,4352 
4262,4353 
4353,4354 
4264,4354 
4354,4355 
4266,4356 
4266,4357 
4268,4358 
4358,4359 
4268,4359 
4270,4360 
4360,4361 
4271,4362 
4273,4363 
4273,4364 
4275,4365 
4365,4366 
4275,4366 
4277,4367 
4367,4368 
4278,4368 
4279,4369 
4369,4370 
4280,4371 
4281,4372 
4282,4372 
4372,4373 
4282,4373 
4283,4373 
4373,4374 
4374,4375 
4285,4375 
4375,4376 
4286,4376 
4376,4377 
4287,4377 
4288,4378 
4288,4379 
4290,4380 
4290,4381 
4381,4382 
4292,4382 
4293,4383 
4294,4384 
4294,4385 
4295,4386 
4297,4387 
4297,4388 
4388,4389 
4299,4389 
4389,4390 
4301,4391 
4391,4392 
4303,4393 
4303,4394 
4394,4395 
4304,4395 
4305,4395 
4395,4396 
4305,4396 
4306,4397 
4307,4398 
4308,4398 
4398,4399 
4309,4399 
4309,4400 
4400,4401 
4311,4401 
4401,4402 
4312,4402 
4313,4403 
4313,4404 
4314,4404 
4314,4405 
4405,4406 
4316,4406 
4317,4407 
4317,4408 
4318,4409 
4319,4409 
4320,4410 
4322,4412 
4322,4413 
4324,4414 
4324,4415 
4326,4416 
4327,4417 
4327,4418 
4329,4419 
4419,4420 
4330,4420 
4420,4421 
4331,4421 
4331,4422 
4422,4423 
4333,4423 
4423,4424 
4334,4424 
4335,4425 
4336,4426 
4336,4427 
4338,4428 
4339,4429 
4339,4430 
4341,4431 
4342,4432 
4342,4433 
4344,4434 
4345,4435 
4435,4436 
4345,4436 
4347,4437 
4437,4438 
4347,4438 
4348,4438 
4348,4439 
4349,4440 
4350,4440 
4440,4441 
4441,4442 
4351,4442 
4353,4443 
4354,4444 
4355,4445 
4445,4446 
4355,4446 
4356,4447 
4357,4447 
4447,4448 
4359,4449 
4360,4450 
4450,4451 
4362,4452 
4362,4453 
4363,4453 
4363,4454 
4364,4454 
4365,4455 
4455,4456 
4367,4457 
4457,4458 
4367,4458 
4368,4458 
4369,4459 
4459,4460 
4369,4460 
4370,4460 
4460,4461 
4371,4462 
4462,4463 
4372,4463 
4373,4463 
4373,4464 
4464,4465 
4375,4465 
4376,4466 
4377,4467 
4378,4468 
4379,4469 
4380,4470 
4381,4471 
4381,4472 
4382,4473 
4383,4474 
4385,4475 
4385,4476 
4387,4477 
4477,4478 
4478,4479 
4389,4479 
4390,4480 
4480,4481 
4392,4482 
4482,4483 
4392,4483 
4393,4483 
4483,4484 
4394,4484 
4394,4485 
4396,4486 
4486,4487 
4397,4487 
4397,4488 
4398,4488 
4399,4489 
4399,4490 
4400,4490 
4401,4491 
4401,4492 
4492,4493 
4403,4493 
4403,4494 
4405,4495 
4406,4496 
4407,4497 
4407,4498 
4408,4499 
4410,4500 
