3500
7210
8597
10201
10557
10996
12863
13154
13210
13622
15048
16700
17562
22022
24436
25862
29642
32453
36107
40738
50130
51442
51580
51652
55601
61790
62015
62323
62465
62677
64140
65947
66222
66605
66938
69190
72336
74704
75857
76850
78093
79296
86635
90869
93081
94960
96727
97130
98149
100392
102341
102519
107439
109710
110133
113378
114993
115287
123433
126631
128569
129370
129384
129939
130655
133263
133301
134266
135053
136691
141130
142853
144855
145836
146357
146925
147974
148984
149009
151064
152967
153321
156702
157895
159703
160524
161706
162415
169484
173892
174101
177667
181026
182148
183126
185982
186667
186938
190187
190259
